0 112
1 114
2 115
3 115
4 115
5 115
6 115
7 115
8 115
9 115
10 116
11 116
12 116
13 116
14 117
15 117
16 118
17 118
18 118
19 119
20 119
21 100
22 101
23 102
24 102
25 102
26 102
27 103
28 103
29 104
30 104
31 104
32 104
33 105
34 106
35 107
36 108
37 109
38 109
39 110
40 111
41 113
42 120
43 121
44 122
45 123
46 123
47 124
48 125
49 126
50 126
51 127
52 128
53 129
54 130
55 131
56 132
57 133
58 134
59 135
60 137
61 137
62 136
63 138
64 140
65 140
66 140
67 139
68 141
69 141
70 142
71 143
72 144
73 145
74 146
75 147
76 148
77 149
78 150
79 151
80 152
81 152
82 153
83 154
84 156
85 157
86 158
87 158
88 159
89 160
90 155
91 161
92 162
93 163
94 164
95 165
96 166
97 167
98 168
99 169
100 171
101 171
102 171
103 171
104 171
105 171
106 170
107 170
108 172
109 176
110 176
111 173
112 174
113 174
114 174
115 174
116 174
117 174
118 174
119 174
120 189
121 182
122 177
123 177
124 178
125 178
126 178
127 177
128 191
129 182
130 182
131 182
132 191
133 199
134 199
135 199
136 194
137 199
138 181
139 183
140 183
141 183
142 183
143 184
144 190
145 191
146 180
147 180
148 186
149 186
150 186
151 175
152 187
153 176
154 188
155 173
156 189
157 191
158 191
159 191
160 185
161 193
162 179
163 195
164 195
165 196
166 192
167 197
168 197
169 198
170 200
171 200
172 200
173 200
174 200
175 200
176 200
177 200
178 200
179 200
180 200
181 200
182 200
183 200
184 200
185 200
186 200
187 200
188 200
189 200
190 200
191 200
192 200
193 200
194 200
195 200
196 200
197 200
198 200
199 200
